[gd_scene format=2]

[node name="Rival" type="Spatial"]

[node name="Units" type="Spatial" parent="."]

[node name="0" type="Position3D" parent="Units"]
transform = Transform( 1, 0, 0, 0, 1, 0, 0, 0, 1, -8, 0.05, -3 )

[node name="1" type="Position3D" parent="Units"]
transform = Transform( 1, 0, 0, 0, 1, 0, 0, 0, 1, -5, 0.05, -3 )

[node name="2" type="Position3D" parent="Units"]
transform = Transform( 1, 0, 0, 0, 1, 0, 0, 0, 1, -2, 0.05, -3 )

[node name="3" type="Position3D" parent="Units"]
transform = Transform( 1, 0, 0, 0, 1, 0, 0, 0, 1, 1, 0.05, -3 )

[node name="4" type="Position3D" parent="Units"]
transform = Transform( 1, 0, 0, 0, 1, 0, 0, 0, 1, 4, 0.05, -3 )

[node name="Support" type="Spatial" parent="."]

[node name="0" type="Position3D" parent="Support"]
transform = Transform( 1, 0, 0, 0, 1, 0, 0, 0, 1, -8, 0.05, -7 )

[node name="1" type="Position3D" parent="Support"]
transform = Transform( 1, 0, 0, 0, 1, 0, 0, 0, 1, -5, 0.05, -7 )

[node name="2" type="Position3D" parent="Support"]
transform = Transform( 1, 0, 0, 0, 1, 0, 0, 0, 1, -2, 0.05, -7 )

[node name="3" type="Position3D" parent="Support"]
transform = Transform( 1, 0, 0, 0, 1, 0, 0, 0, 1, 1, 0.05, -7 )

[node name="4" type="Position3D" parent="Support"]
transform = Transform( 1, 0, 0, 0, 1, 0, 0, 0, 1, 4, 0.05, -7 )

[node name="Discard" type="Position3D" parent="."]
transform = Transform( 1, 0, 0, 0, 1, 0, 0, 0, 1, 8, 0, -2.5 )

[node name="Deck" type="Spatial" parent="."]

[node name="0" type="Position3D" parent="Deck"]
transform = Transform( -1, 2.62268e-09, 0, -8.74228e-08, -0.03, 0, 0, 0, 1.5, 8, 0, -7.5 )

[node name="1" type="Position3D" parent="Deck"]
transform = Transform( -1, 2.62268e-09, 0, -8.74228e-08, -0.03, 0, 0, 0, 1.5, 8, 0.03, -7.5 )

[node name="2" type="Position3D" parent="Deck"]
transform = Transform( -1, 2.62268e-09, 0, -8.74228e-08, -0.03, 0, 0, 0, 1.5, 8, 0.06, -7.5 )

[node name="3" type="Position3D" parent="Deck"]
transform = Transform( -1, 2.62268e-09, 0, -8.74228e-08, -0.03, 0, 0, 0, 1.5, 8, 0.09, -7.5 )

[node name="4" type="Position3D" parent="Deck"]
transform = Transform( -1, 2.62268e-09, 0, -8.74228e-08, -0.03, 0, 0, 0, 1.5, 8, 0.12, -7.5 )

[node name="5" type="Position3D" parent="Deck"]
transform = Transform( -1, 2.62268e-09, 0, -8.74228e-08, -0.03, 0, 0, 0, 1.5, 8, 0.15, -7.5 )

[node name="6" type="Position3D" parent="Deck"]
transform = Transform( -1, 2.62268e-09, 0, -8.74228e-08, -0.03, 0, 0, 0, 1.5, 8, 0.18, -7.5 )

[node name="7" type="Position3D" parent="Deck"]
transform = Transform( -1, 2.62268e-09, 0, -8.74228e-08, -0.03, 0, 0, 0, 1.5, 8, 0.21, -7.5 )

[node name="8" type="Position3D" parent="Deck"]
transform = Transform( -1, 2.62268e-09, 0, -8.74228e-08, -0.03, 0, 0, 0, 1.5, 8, 0.24, -7.5 )

[node name="9" type="Position3D" parent="Deck"]
transform = Transform( -1, 2.62268e-09, 0, -8.74228e-08, -0.03, 0, 0, 0, 1.5, 8, 0.27, -7.5 )

[node name="10" type="Position3D" parent="Deck"]
transform = Transform( -1, 2.62268e-09, 0, -8.74228e-08, -0.03, 0, 0, 0, 1.5, 8, 0.3, -7.5 )

[node name="11" type="Position3D" parent="Deck"]
transform = Transform( -1, 2.62268e-09, 0, -8.74228e-08, -0.03, 0, 0, 0, 1.5, 8, 0.33, -7.5 )

[node name="12" type="Position3D" parent="Deck"]
transform = Transform( -1, 2.62268e-09, 0, -8.74228e-08, -0.03, 0, 0, 0, 1.5, 8, 0.36, -7.5 )

[node name="13" type="Position3D" parent="Deck"]
transform = Transform( -1, 2.62268e-09, 0, -8.74228e-08, -0.03, 0, 0, 0, 1.5, 8, 0.39, -7.5 )

[node name="14" type="Position3D" parent="Deck"]
transform = Transform( -1, 2.62268e-09, 0, -8.74228e-08, -0.03, 0, 0, 0, 1.5, 8, 0.42, -7.5 )

[node name="15" type="Position3D" parent="Deck"]
transform = Transform( -1, 2.62268e-09, 0, -8.74228e-08, -0.03, 0, 0, 0, 1.5, 8, 0.45, -7.5 )

[node name="16" type="Position3D" parent="Deck"]
transform = Transform( -1, 2.62268e-09, 0, -8.74228e-08, -0.03, 0, 0, 0, 1.5, 8, 0.48, -7.5 )

[node name="17" type="Position3D" parent="Deck"]
transform = Transform( -1, 2.62268e-09, 0, -8.74228e-08, -0.03, 0, 0, 0, 1.5, 8, 0.51, -7.5 )

[node name="18" type="Position3D" parent="Deck"]
transform = Transform( -1, 2.62268e-09, 0, -8.74228e-08, -0.03, 0, 0, 0, 1.5, 8, 0.54, -7.5 )

[node name="19" type="Position3D" parent="Deck"]
transform = Transform( -1, 2.62268e-09, 0, -8.74228e-08, -0.03, 0, 0, 0, 1.5, 8, 0.57, -7.5 )

[node name="20" type="Position3D" parent="Deck"]
transform = Transform( -1, 2.62268e-09, 0, -8.74228e-08, -0.03, 0, 0, 0, 1.5, 8, 0.6, -7.5 )

[node name="21" type="Position3D" parent="Deck"]
transform = Transform( -1, 2.62268e-09, 0, -8.74228e-08, -0.03, 0, 0, 0, 1.5, 8, 0.63, -7.5 )

[node name="22" type="Position3D" parent="Deck"]
transform = Transform( -1, 2.62268e-09, 0, -8.74228e-08, -0.03, 0, 0, 0, 1.5, 8, 0.66, -7.5 )

[node name="23" type="Position3D" parent="Deck"]
transform = Transform( -1, 2.62268e-09, 0, -8.74228e-08, -0.03, 0, 0, 0, 1.5, 8, 0.69, -7.5 )

[node name="24" type="Position3D" parent="Deck"]
transform = Transform( -1, 2.62268e-09, 0, -8.74228e-08, -0.03, 0, 0, 0, 1.5, 8, 0.72, -7.5 )

[node name="25" type="Position3D" parent="Deck"]
transform = Transform( -1, 2.62268e-09, 0, -8.74228e-08, -0.03, 0, 0, 0, 1.5, 8, 0.75, -7.5 )

[node name="26" type="Position3D" parent="Deck"]
transform = Transform( -1, 2.62268e-09, 0, -8.74228e-08, -0.03, 0, 0, 0, 1.5, 8, 0.78, -7.5 )

[node name="27" type="Position3D" parent="Deck"]
transform = Transform( -1, 2.62268e-09, 0, -8.74228e-08, -0.03, 0, 0, 0, 1.5, 8, 0.81, -7.5 )

[node name="28" type="Position3D" parent="Deck"]
transform = Transform( -1, 2.62268e-09, 0, -8.74228e-08, -0.03, 0, 0, 0, 1.5, 8, 0.84, -7.5 )

[node name="29" type="Position3D" parent="Deck"]
transform = Transform( -1, 2.62268e-09, 0, -8.74228e-08, -0.03, 0, 0, 0, 1.5, 8, 0.87, -7.5 )

[node name="30" type="Position3D" parent="Deck"]
transform = Transform( -1, 2.62268e-09, 0, -8.74228e-08, -0.03, 0, 0, 0, 1.5, 8, 0.9, -7.5 )

[node name="31" type="Position3D" parent="Deck"]
transform = Transform( -1, 2.62268e-09, 0, -8.74228e-08, -0.03, 0, 0, 0, 1.5, 8, 0.93, -7.5 )

[node name="32" type="Position3D" parent="Deck"]
transform = Transform( -1, 2.62268e-09, 0, -8.74228e-08, -0.03, 0, 0, 0, 1.5, 8, 0.96, -7.5 )

[node name="33" type="Position3D" parent="Deck"]
transform = Transform( -1, 2.62268e-09, 0, -8.74228e-08, -0.03, 0, 0, 0, 1.5, 8, 0.99, -7.5 )

[node name="34" type="Position3D" parent="Deck"]
transform = Transform( -1, 2.62268e-09, 0, -8.74228e-08, -0.03, 0, 0, 0, 1.5, 8, 1.02, -7.5 )

[node name="35" type="Position3D" parent="Deck"]
transform = Transform( -1, 2.62268e-09, 0, -8.74228e-08, -0.03, 0, 0, 0, 1.5, 8, 1.05, -7.5 )

[node name="36" type="Position3D" parent="Deck"]
transform = Transform( -1, 2.62268e-09, 0, -8.74228e-08, -0.03, 0, 0, 0, 1.5, 8, 1.08, -7.5 )

[node name="37" type="Position3D" parent="Deck"]
transform = Transform( -1, 2.62268e-09, 0, -8.74228e-08, -0.03, 0, 0, 0, 1.5, 8, 1.11, -7.5 )

[node name="38" type="Position3D" parent="Deck"]
transform = Transform( -1, 2.62268e-09, 0, -8.74228e-08, -0.03, 0, 0, 0, 1.5, 8, 1.14, -7.5 )

[node name="39" type="Position3D" parent="Deck"]
transform = Transform( -1, 2.62268e-09, 0, -8.74228e-08, -0.03, 0, 0, 0, 1.5, 8, 1.17, -7.5 )

[node name="Hand" type="Spatial" parent="."]

[node name="0" type="Position3D" parent="Hand"]
transform = Transform( -1, 8.74228e-08, 0, -7.33189e-08, -0.838671, -0.544639, -4.76139e-08, -0.544639, 0.838671, -9, 6, -7.5 )

[node name="1" type="Position3D" parent="Hand"]
transform = Transform( -1, 8.74228e-08, 0, -7.33189e-08, -0.838671, -0.544639, -4.76139e-08, -0.544639, 0.838671, -6.75, 6, -7.5 )

[node name="2" type="Position3D" parent="Hand"]
transform = Transform( -1, 8.74228e-08, 0, -7.33189e-08, -0.838671, -0.544639, -4.76139e-08, -0.544639, 0.838671, -4.5, 6, -7.5 )

[node name="3" type="Position3D" parent="Hand"]
transform = Transform( -1, 8.74228e-08, 0, -7.33189e-08, -0.838671, -0.544639, -4.76139e-08, -0.544639, 0.838671, -2.25, 6, -7.5 )

[node name="4" type="Position3D" parent="Hand"]
transform = Transform( -1, 8.74228e-08, 0, -7.33189e-08, -0.838671, -0.544639, -4.76139e-08, -0.544639, 0.838671, 0, 6, -7.5 )

[node name="5" type="Position3D" parent="Hand"]
transform = Transform( -1, 8.74228e-08, 0, -7.33189e-08, -0.838671, -0.544639, -4.76139e-08, -0.544639, 0.838671, 2.25, 6, -7.5 )

[node name="6" type="Position3D" parent="Hand"]
transform = Transform( -1, 8.74228e-08, 0, -7.33189e-08, -0.838671, -0.544639, -4.76139e-08, -0.544639, 0.838671, 4.5, 6, -7.5 )

[node name="7" type="Position3D" parent="Hand"]
transform = Transform( -1, 8.74228e-08, 0, -7.33189e-08, -0.838671, -0.544639, -4.76139e-08, -0.544639, 0.838671, 6.75, 6, -7.5 )

[node name="8" type="Position3D" parent="Hand"]
transform = Transform( -1, 8.74228e-08, 0, -7.33189e-08, -0.838671, -0.544639, -4.76139e-08, -0.544639, 0.838671, 9, 6, -7.5 )
